6.981 21.128999999999998
9.71 29.57
43.79 144.71
143.5 2357.5
0.052629999999999996 0.11077
0.01938 0.32602
0.0 0.4268
0.0 0.2012
0.106 0.198
0.049960000000000004 0.047479999999999994
0.1115 2.7615000000000003
0.3602 4.5248
0.757 21.223
6.8020000000000005 535.398
0.001713 0.029417000000000002
0.002252 0.133148
0.0 0.396
0.0 0.05279
0.007882 0.071068
0.0008948000000000001 0.028945199999999997
7.93 28.11
12.02 37.519999999999996
50.41 200.79
185.2 4068.8
0.07117000000000001 0.15142999999999998
0.02729 1.03071
0.0 1.252
0.0 0.29100000000000004
0.1565 0.5073
0.05504 0.15245999999999998
